% number of repeats:% 3
% enter first, last, inc:% 48 480 48 
data = [
%  n          reference      |         current implementation 
%        time       GFLOPS   |    time       GFLOPS     diff 
   480 5.0048e-03 4.4195e+01    1.9372e-01 1.1418e+00 3.5527e-13
   432 3.6407e-03 4.4289e+01    1.3391e-01 1.2041e+00 3.1264e-13
   384 2.6524e-03 4.2695e+01    1.6705e-01 6.7793e-01 1.9895e-13
   336 1.7232e-03 4.4027e+01    5.1523e-02 1.4725e+00 1.7053e-13
   288 1.1052e-03 4.3227e+01    4.2689e-02 1.1192e+00 1.1369e-13
   240 6.0452e-04 4.5736e+01    1.7153e-02 1.6118e+00 4.2633e-14
   192 4.6086e-04 3.0716e+01    1.3355e-02 1.0600e+00 2.8422e-14
   144 1.3940e-04 4.2841e+01    2.3784e-03 2.5109e+00 2.8422e-14
    96 4.6975e-05 3.7668e+01    6.2658e-04 2.8240e+00 1.4211e-14
    48 9.4110e-06 2.3503e+01    8.4529e-05 2.6167e+00 7.1054e-15
];

% Maximum difference between reference and your implementation: 3.552714e-13.
