% number of repeats:% 3
% enter first, last, inc:% 48 480 48 
data = [
%  n          reference      |         current implementation 
%        time       GFLOPS   |    time       GFLOPS     diff 
   480 5.1846e-03 4.2662e+01    3.1020e-02 7.1304e+00 3.5527e-13
   432 3.7239e-03 4.3299e+01    1.5516e-02 1.0392e+01 3.1264e-13
   384 2.5561e-03 4.4304e+01    1.1209e-02 1.0103e+01 1.9895e-13
   336 1.7627e-03 4.3040e+01    7.6348e-03 9.9369e+00 1.7053e-13
   288 1.1250e-03 4.2467e+01    4.7225e-03 1.0117e+01 1.1369e-13
   240 6.4482e-04 4.2877e+01    2.4360e-03 1.1350e+01 4.2633e-14
   192 3.1755e-04 4.4578e+01    1.3348e-03 1.0605e+01 2.8422e-14
   144 1.3892e-04 4.2990e+01    7.6535e-04 7.8029e+00 2.8422e-14
    96 4.6783e-05 3.7823e+01    2.1840e-04 8.1020e+00 1.4211e-14
    48 1.3123e-05 1.6855e+01    2.2135e-05 9.9925e+00 7.1054e-15
];

% Maximum difference between reference and your implementation: 3.552714e-13.
