% number of repeats:% 3
% enter first, last, inc:% 48 480 48 
data = [
%  n          reference      |         current implementation 
%        time       GFLOPS   |    time       GFLOPS     diff 
   480 5.0150e-03 4.4104e+01    1.3401e-01 1.6505e+00 3.5527e-13
   432 3.6775e-03 4.3846e+01    9.4534e-02 1.7057e+00 3.1264e-13
   384 2.5576e-03 4.4279e+01    6.4163e-02 1.7650e+00 1.9895e-13
   336 1.7897e-03 4.2390e+01    4.2327e-02 1.7924e+00 1.7053e-13
   288 1.0970e-03 4.3550e+01    2.9594e-02 1.6144e+00 1.1369e-13
   240 6.5132e-04 4.2449e+01    1.6468e-02 1.6789e+00 4.2633e-14
   192 3.7452e-04 3.7797e+01    7.9363e-03 1.7837e+00 2.8422e-14
   144 1.4408e-04 4.1450e+01    3.1457e-03 1.8985e+00 2.8422e-14
    96 4.6646e-05 3.7934e+01    8.2011e-04 2.1576e+00 1.4211e-14
    48 9.4320e-06 2.3450e+01    8.2457e-05 2.6824e+00 7.1054e-15
];

% Maximum difference between reference and your implementation: 3.552714e-13.
