% number of repeats:% 3
% enter first, last, inc:% 48 480 48 
data = [
%  n          reference      |         current implementation 
%        time       GFLOPS   |    time       GFLOPS     diff 
   480 5.1342e-03 4.3081e+01    1.3365e-01 1.6550e+00 3.5527e-13
   432 3.6840e-03 4.3769e+01    1.0194e-01 1.5818e+00 3.1264e-13
   384 2.6113e-03 4.3367e+01    6.5502e-02 1.7289e+00 1.9895e-13
   336 1.8127e-03 4.1852e+01    4.7501e-02 1.5972e+00 1.7053e-13
   288 1.0854e-03 4.4016e+01    2.7117e-02 1.7619e+00 1.1369e-13
   240 6.1482e-04 4.4969e+01    1.6621e-02 1.6634e+00 4.2633e-14
   192 3.1446e-04 4.5016e+01    8.0256e-03 1.7638e+00 2.8422e-14
   144 1.4348e-04 4.1624e+01    3.1290e-03 1.9086e+00 2.8422e-14
    96 5.1936e-05 3.4070e+01    8.4218e-04 2.1011e+00 1.4211e-14
    48 9.5920e-06 2.3059e+01    7.9388e-05 2.7861e+00 7.1054e-15
];

% Maximum difference between reference and your implementation: 3.552714e-13.
