% number of repeats:% 3
% enter first, last, inc:% 48 480 48 
data = [
%  n          reference      |         current implementation 
%        time       GFLOPS   |    time       GFLOPS     diff 
   480 5.0046e-03 4.4196e+01    2.9748e-02 7.4353e+00 3.5527e-13
   432 3.5883e-03 4.4936e+01    1.5588e-02 1.0344e+01 3.1264e-13
   384 2.5612e-03 4.4216e+01    1.1359e-02 9.9694e+00 1.9895e-13
   336 1.7868e-03 4.2460e+01    7.5398e-03 1.0062e+01 1.7053e-13
   288 1.0820e-03 4.4154e+01    4.7531e-03 1.0051e+01 1.1369e-13
   240 5.9610e-04 4.6381e+01    2.4521e-03 1.1275e+01 4.2633e-14
   192 3.2222e-04 4.3931e+01    1.3463e-03 1.0514e+01 2.8422e-14
   144 1.4203e-04 4.2047e+01    7.4483e-04 8.0179e+00 2.8422e-14
    96 5.2583e-05 3.3651e+01    2.1911e-04 8.0756e+00 1.4211e-14
    48 9.8440e-06 2.2469e+01    2.1380e-05 1.0345e+01 7.1054e-15
];

% Maximum difference between reference and your implementation: 3.552714e-13.
