% number of repeats:% 3
% enter first, last, inc:% 48 480 48 
data = [
%  n          reference      |         current implementation 
%        time       GFLOPS   |    time       GFLOPS     diff 
   480 5.1127e-03 4.3262e+01    2.0459e-01 1.0811e+00 3.5527e-13
   432 3.6889e-03 4.3711e+01    1.4021e-01 1.1500e+00 3.1264e-13
   384 2.5874e-03 4.3769e+01    1.7320e-01 6.5386e-01 1.9895e-13
   336 1.7662e-03 4.2955e+01    5.2485e-02 1.4455e+00 1.7053e-13
   288 1.1156e-03 4.2824e+01    4.2879e-02 1.1142e+00 1.1369e-13
   240 6.2267e-04 4.4402e+01    1.8031e-02 1.5334e+00 4.2633e-14
   192 3.3037e-04 4.2848e+01    1.2947e-02 1.0933e+00 2.8422e-14
   144 1.6993e-04 3.5144e+01    2.5460e-03 2.3456e+00 2.8422e-14
    96 4.6848e-05 3.7770e+01    7.1008e-04 2.4920e+00 1.4211e-14
    48 9.8670e-06 2.2417e+01    8.9021e-05 2.4846e+00 7.1054e-15
];

% Maximum difference between reference and your implementation: 3.552714e-13.
