% number of repeats:% 3
% enter first, last, inc:% 48 480 48 
data = [
%  n          reference      |         current implementation 
%        time       GFLOPS   |    time       GFLOPS     diff 
   480 5.7477e-03 3.8482e+01    1.3611e-01 1.6251e+00 1.4161e+02
   432 4.5682e-03 3.5297e+01    9.9031e-02 1.6282e+00 1.2925e+02
   384 2.7629e-03 4.0988e+01    6.8995e-02 1.6414e+00 1.1725e+02
   336 1.8973e-03 3.9987e+01    4.5389e-02 1.6715e+00 1.0316e+02
   288 1.3047e-03 3.6618e+01    2.8806e-02 1.6586e+00 8.6590e+01
   240 6.1601e-04 4.4883e+01    1.6426e-02 1.6832e+00 7.5144e+01
   192 3.4181e-04 4.1415e+01    8.0987e-03 1.7479e+00 5.9987e+01
   144 1.4732e-04 4.0537e+01    3.2948e-03 1.8126e+00 4.7075e+01
    96 6.2603e-05 2.8265e+01    9.6206e-04 1.8393e+00 3.3265e+01
    48 1.7497e-05 1.2641e+01    1.4551e-04 1.5200e+00 1.6554e+01
];

% Maximum difference between reference and your implementation: 1.416113e+02.
