% number of repeats:% 3
% enter first, last, inc:% 48 480 48 
data = [
%  n          reference      |         current implementation 
%        time       GFLOPS   |    time       GFLOPS     diff 
   480 5.0796e-03 4.3543e+01    3.2364e-02 6.8342e+00 3.5527e-13
   432 3.6222e-03 4.4515e+01    1.8927e-02 8.5191e+00 3.1264e-13
   384 2.5705e-03 4.4056e+01    1.3049e-02 8.6788e+00 1.9895e-13
   336 1.7935e-03 4.2301e+01    1.0562e-02 7.1832e+00 1.7053e-13
   288 1.1322e-03 4.2197e+01    6.5593e-03 7.2836e+00 1.1369e-13
   240 6.4429e-04 4.2912e+01    2.5872e-03 1.0686e+01 4.2633e-14
   192 3.1653e-04 4.4722e+01    1.8154e-03 7.7978e+00 2.8422e-14
   144 1.5091e-04 3.9573e+01    5.6796e-04 1.0515e+01 2.8422e-14
    96 4.8106e-05 3.6783e+01    1.6612e-04 1.0652e+01 1.4211e-14
    48 1.0436e-05 2.1194e+01    2.0796e-05 1.0636e+01 7.1054e-15
];

% Maximum difference between reference and your implementation: 3.552714e-13.
